112565
283029
486843
482474
658605
522351
367768
491217
282971
241533
265340
303601
318596
330180
341821
350064
355625
348326
365986
352134
337770
350532
339849
331407
324781
336128
313313
297525
289576
253985
229898
200749
186754
164842
150410
135835
121730
109145
97133
87887
77179
68433
60571
52992
46251
39333
34844
29675
25950
22414
18634
15860
12855
10998
8700
7366
6124
4968
4080
3236
2704
2100
1761
1395
1139
835
733
561
488
343
257
197
142
95
82
77
47
29
24
16
17
15
13
2
4
3
5
1
2
2
0
0
0
0
0
0
0
0
0
0
0
0
0
0
0
0
0
0
0
0
0
0
0
0
0
0
0
0
0






112565
283029
486843
482474
658605
522351
367768
491217
282971
241533
265340
303601
318596
330180
341821
350064
355625
348326
365986
352134
337770
350532
339849
331407
324781
336128
313313
297525
289576
253985
229898
200749
186754
164842
150410
135835
121730
109145
97133
87887
77179
68433
60571
52992
46251
39333
34844
29675
25950
22414
18634
15860
12855
10998
8700
7366
6124
4968
4080
3236
2704
2100
1761
1395
1139
835
733
561
488
343
257
197
142
95
82
77
47
29
24
16
17
15
13
2
4
3
5
1
2
2
0
0
0
0
0
0
0
0
0
0
0
0
0
0
0
0
0
0
0
0
0
0
0
0
0
0
0
0
0






112565
283029
486843
482474
658605
522351
367768
491217
282971
241533
265340
303601
318596
330180
341821
350064
355625
348326
365986
352134
337770
350532
339849
331407
324781
336128
313313
297525
289576
253985
229898
200749
186754
164842
150410
135835
121730
109145
97133
87887
77179
68433
60571
52992
46251
39333
34844
29675
25950
22414
18634
15860
12855
10998
8700
7366
6124
4968
4080
3236
2704
2100
1761
1395
1139
835
733
561
488
343
257
197
142
95
82
77
47
29
24
16
17
15
13
2
4
3
5
1
2
2
0
0
0
0
0
0
0
0
0
0
0
0
0
0
0
0
0
0
0
0
0
0
0
0
0
0
0
0
0






112565
283029
486843
482474
658605
522351
367768
491217
282971
241533
265340
303601
318596
330180
341821
350064
355625
348326
365986
352134
337770
350532
339849
331407
324781
336128
313313
297525
289576
253985
229898
200749
186754
164842
150410
135835
121730
109145
97133
87887
77179
68433
60571
52992
46251
39333
34844
29675
25950
22414
18634
15860
12855
10998
8700
7366
6124
4968
4080
3236
2704
2100
1761
1395
1139
835
733
561
488
343
257
197
142
95
82
77
47
29
24
16
17
15
13
2
4
3
5
1
2
2
0
0
0
0
0
0
0
0
0
0
0
0
0
0
0
0
0
0
0
0
0
0
0
0
0
0
0
0
0






112565
283029
486843
482474
658605
522351
367768
491217
282971
241533
265340
303601
318596
330180
341821
350064
355625
348326
365986
352134
337770
350532
339849
331407
324781
336128
313313
297525
289576
253985
229898
200749
186754
164842
150410
135835
121730
109145
97133
87887
77179
68433
60571
52992
46251
39333
34844
29675
25950
22414
18634
15860
12855
10998
8700
7366
6124
4968
4080
3236
2704
2100
1761
1395
1139
835
733
561
488
343
257
197
142
95
82
77
47
29
24
16
17
15
13
2
4
3
5
1
2
2
0
0
0
0
0
0
0
0
0
0
0
0
0
0
0
0
0
0
0
0
0
0
0
0
0
0
0
0
0






